2000,5.3,27.2,-23.7
2001,4.66,30.7,-27.3
2002,4.98,29.0,-32.2
2003,4.41,27.2,-30.6
2004,4.53,26.7,-25.3
2005,4.9,27.7,-20.1
2006,4.67,29.4,-33.3
2007,5.59,30.0,-28.8
2008,5.9,29.8,-25.2
2009,5.07,26.1,-26.3
2010,4.86,35.1,-30.0
2011,5.49,29.4,-28.6
2012,4.1,28.5,-32.0
2013,5.33,28.2,-20.5
2014,5.83,29.6,-26.9
2015,6.18,28.2,-20.0
2016,5.21,30.0,-26.1
2017,4.84,29.0,-33.9
2018,5.28,27.5,-24.1
2019,6.39,29.0,-17.0
2020,7.0,31.3,-13.9
2021,5.18,33.0,-26.5
2022,5.3,31.0,-22.0
2023,5.77,30.0,-27.4
2024,6.77,30.4,-31.0
2025,6.81,31.4,-15.1
2026,-5.52,16.5,-25.1
